
工程文件：D:\BNLAS\Rg+10\Rg+10.sgk

计算标题：容桂大桥，半跨钢箱梁，290


!!!!!!!!以理论成桥线形进行的吊索下料计算!!!!!!!
 ---------------------------------------------------


吊索长度:

            上端骑跨式吊索长度(mm)---第1跨
吊索号  紧固点至下销铰或锚面形状高度  两紧固点间(骑跨部分)形状长度  紧固点至下锚头锚口无应力长度  两紧固点间(骑跨部分)无应力长              吊索总成形状长度      钢丝无应力切割总长    成桥恒载状态弹性伸长    钢丝重量
     #              L              R              L              R              L              R              L              R              L              R           L           R           L           R           W
    10       85306.28       85288.37        6238.28        6710.89       84687.06       84669.19        6224.09        6695.65      176850.85      177287.63   176398.21   176834.04      392.64      393.60       41.02
钢丝总重量:       41.02

            上端骑跨式吊索长度(mm)---第2跨
吊索号  紧固点至下销铰或锚面形状高度  两紧固点间(骑跨部分)形状长度  紧固点至下锚头锚口无应力长度  两紧固点间(骑跨部分)无应力长              吊索总成形状长度      钢丝无应力切割总长    成桥恒载状态弹性伸长    钢丝重量
     #              L              R              L              R              L              R              L              R              L              R           L           R           L           R           W
     1       84611.44       84593.53        6677.45        6238.22       83917.87       83900.01        6656.22        6218.35      175900.32      175425.28   175291.95   174818.37      548.38      546.91       40.66
     2       77987.26       77969.35        6656.96        6238.72       77431.97       77414.09        6645.98        6228.41      162631.48      162177.42   162309.91   161856.58      261.56      260.84       37.65
     3       71574.99       71557.34        6642.84        6239.32       71030.37       71012.75        6631.92        6229.05      149792.81      149354.01   149492.66   149054.55      240.16      239.46       34.67
     4       65388.80       65372.06        6628.88        6240.14       64852.71       64836.00        6617.85        6229.74      137406.48      136984.26   137123.27   136701.74      223.20      222.52       31.80
     5       59451.98       59436.52        6615.02        6241.18       58924.88       58909.44        6603.95        6230.71      125518.98      125114.22   125253.70   124849.59      205.29      204.63       29.05
     6       53766.23       53752.05        6601.34        6242.45       53248.25       53234.09        6590.27        6231.96      114133.81      113746.56   113886.77   113500.15      187.04      186.41       26.41
     7       48331.84       48318.94        6587.88        6243.95       47822.78       47809.90        6576.83        6233.46      103251.57      102881.84   103022.39   102653.26      169.18      168.58       23.89
     8       43148.72       43137.10        6574.67        6245.67       42648.22       42636.62        6563.65        6235.19       92872.11       92519.88    92660.10    92308.44      152.02      151.44       21.48
     9       38216.61       38206.27        6561.70        6247.63       37724.28       37713.96        6550.71        6237.15       82994.92       82660.17    82799.27    82465.07      135.64      135.10       19.19
    10       33535.19       33526.13        6548.98        6249.82       33050.61       33041.57        6538.03        6239.35       73619.36       73302.07    73439.25    73122.48      120.11      119.59       17.02
    11       29104.14       29096.36        6536.52        6252.24       28626.90       28619.13        6525.60        6241.78       64744.80       64444.96    64579.39    64280.04      105.41      104.92       14.97
    12       24923.18       24916.68        6524.31        6254.89       24452.84       24446.35        6513.42        6244.44       56370.66       56088.24    56219.10    55937.14       91.56       91.10       13.03
    13       20992.04       20986.82        6512.36        6257.78       20528.19       20522.98        6501.50        6247.34       48496.43       48231.42    48357.88    48093.30       78.55       78.12       11.20
    14       17310.46       17306.52        6500.67        6260.91       16852.70       16848.77        6489.85        6250.48       41121.58       40873.94    40995.24    40748.01       66.33       65.93        9.49
    15       13878.05       13875.39        6489.26        6264.28       13426.04       13423.39        6478.51        6253.89       34245.36       34015.06    34130.59    33900.66       54.76       54.39        7.90
    16       10693.74       10692.36        6478.23        6267.83       10247.31       10245.93        6467.74        6257.68       27865.72       27652.56    27762.36    27549.54       43.35       43.02        6.42
    17        7753.15        7753.05        6467.98        6271.44        7312.44        7312.34        6458.41        6262.15       21974.29       21777.55    21883.28    21686.82       31.01       30.73        5.06
    18        5039.82        5041.00        6459.55        6274.63        4604.90        4606.08        6452.58        6267.86       16539.19       16356.64    16462.39    16280.03       16.80       16.61        3.80
    19        2506.40        2508.86        6441.53        6282.21        2066.43        2068.88        6410.29        6251.71       11454.34       11299.93    11343.15    11189.47       51.19       50.46        2.62
钢丝总重量:      356.31

注:紧固点至下销铰或锚面形状长度:指紧固点(横向定位器)到下销铰式锚头的销铰中心或非销铰式锚头的锚面的有应力长度!!
注:钢丝无应力切割总长:包括了锚头内的钢丝长
注:吊索总成形状长度:如果下端为销铰式是指两销铰之间的长度，否则为非销铰式锚头的锚固面之间的距离
